1 2 53 8 11 9 80
72 1 45 1 24
131 2 49 2 13 4 35
215 1 70 2 25
313 2 105 6 69 9 81
341 1 28 9 53
411 0 105
471 4 37 5 10 3 67 1 94 2 103
517 2 42 5 56 4 27
559 3 33 8 83 4 45 9 27
641 0 93
717 1 22 8 103
775 1 96 1 63
862 1 74 8 58
888 4 26 7 17 2 21 5 16 4 11
912 3 27 7 42 5 42 4 39
997 1 49 7 81
1104 0 50
1165 2 98 6 39 5 71
1201 1 12 6 39
1220 1 75 3 26
1248 1 64 4 72
1290 1 45 10 88
1345 1 93 6 46
1397 1 51 8 23
1464 1 62 7 108
1570 5 15 9 38 7 30 7 70 3 27 8 42
1670 0 56
1693 1 52 8 107
1708 1 75 9 20
1763 5 13 4 22 5 74 4 23 1 63 1 91
1796 5 55 10 48 6 96 5 61 2 48 5 61
1868 0 87
1962 1 60 4 69
2024 2 100 9 78 4 20
2130 1 87 2 81
2230 4 99 9 85 4 90 1 22 7 97
2272 5 55 7 98 7 28 2 51 9 20 2 96
2316 2 37 9 73 8 92
2372 1 88 10 105
2421 1 101 10 76
2472 3 34 1 76 2 84 10 58
2568 3 101 1 81 7 75 4 89
2660 3 71 6 73 6 70 6 72
2753 4 17 4 29 6 93 3 12 3 70
2853 1 34 10 100
2864 1 13 6 90
2917 2 14 2 66 1 45
2984 1 21 8 28
3084 1 98 1 91
3108 1 45 4 50
3195 1 105 3 105
3222 1 85 2 24
3233 4 26 6 84 6 31 5 46 1 103
3282 0 25
3331 1 33 7 37
3368 1 50 10 63
3468 1 75 9 41
3481 3 66 1 87 8 50 7 51
3521 4 66 10 37 6 27 4 67 3 31
3591 1 54 2 49
3626 3 32 6 12 3 39 10 87
3683 3 11 8 102 9 72 9 37
3758 4 41 3 109 1 95 3 38 8 61
3819 2 46 9 12 7 109
3881 1 106 3 23
3900 1 71 9 88
3976 2 64 1 46 9 91
4020 2 94 6 89 9 64
4076 2 67 5 67 6 22
4107 5 24 10 60 9 103 5 107 10 51 1 61
4128 1 96 4 63
4213 4 29 3 76 4 17 3 23 2 27
4245 1 60 5 29
4302 5 101 7 30 4 84 6 44 2 39 10 93
4400 1 82 8 49
4461 1 69 10 14
4529 1 95 1 78
4595 4 60 5 37 5 105 8 48 8 18
4660 1 30 7 86
4724 0 20
4753 3 13 7 47 10 12 3 40
4859 0 25
4904 0 76
5005 3 48 4 79 5 53 3 42
5062 5 36 8 62 10 45 7 56 10 84 9 11
5094 4 56 7 22 2 65 8 13 9 84
5105 4 103 4 18 8 72 6 105 8 67
5157 1 23 2 106
5261 5 105 6 91 4 62 6 52 9 56 4 59
5306 0 28
5374 2 15 9 105 6 104
5407 1 37 6 105
5446 1 17 3 98
5473 1 102 3 95
5530 1 54 1 46
5596 1 19 6 50
5664 1 64 6 46
5770 4 23 10 51 6 71 7 61 4 74
5813 1 105 4 20
5919 1 62 7 84
